4
1
11 16 0 6 0 7 0 9 2 0 0 1 13 0 0 0
5 0 0 0 0 0 0 0 0 0 13 14 1 0 0 0
0 0 0 13 16 0 0 0 0 4 0 5 0 0 11 0
8 0 12 10 0 13 0 0 0 9 0 7 15 0 0 14
0 0 16 0 0 0 7 0 0 0 10 0 0 0 3 6
1 0 0 11 0 0 0 0 8 3 9 0 12 2 0 0
0 0 0 0 12 0 10 0 0 0 0 6 8 0 0 9
14 0 0 0 0 0 0 0 12 1 0 0 0 10 0 7
6 0 0 0 0 2 0 7 1 8 0 0 9 11 0 3
0 0 15 8 0 6 0 1 9 0 11 0 0 0 0 5
0 13 0 0 10 12 0 0 0 6 0 2 14 15 8 0
3 14 11 5 0 0 9 0 0 0 7 0 0 0 0 0
13 6 0 15 0 16 14 0 10 0 5 0 0 0 0 0
0 0 0 0 0 5 0 11 15 0 14 0 0 1 6 0
0 0 8 0 13 0 0 0 0 0 16 0 0 4 10 0
0 0 0 9 15 0 4 3 6 11 0 0 0 0 0 16
