10
1
16 21
0
1
0
98 42 17
0 0
79 52 82 61 91 6 90 78 36
0
71
0
10 85
0
59 56 96
0 0
41 2 54 93 84
0
31
0
35 80
0
62 40 65 87
0
45
0
39 86 29 50
0
8
0
94 22 11 5
0
63 33
0
37
0
3 20 74 83
100
0 0
99 43 64
0
55 81
0
25
0
27 30 14 19 48 47 44 95 34
0 0
26 12 72
0
88
0
23 13
45
0
61 65
100
9
0
40
0
20 94 75 60
0
42 46 7
0
49 30 47 26 95
0
97 86 15 43 99
0
0
72
0 0
92 32
0
73 17 76 79
0 0 0
93
0
11 52 4 16 25 85 3 21
0
6
0 0 0
31 70 51 34
0
68 24
0 0
82
0
0
23 35 48 96 90
0
74 84 62 28 66
0
50 56 8
0
10 83 5 27
0
38
0
78 36 87 18
0
33
88 52 44
0 0
66
0
74 36 34 33 69
0
31 48
0
37
0
4 19 75 89 84
0
62 23 41 12 35 91 10 79 98 1 18
0
26
0
22
0
2 49 81
0
56 32 78 90 7
0
0
20
100
87 95 30
0
14 58 55
0
47
0
65
0
50 93 6 60 59 83 97 63 68 40 57
0
92 16 39 29 15
0
64
0
72 82
0
11 77 46 21 71
0
3
0 0
96 24 5
14 23
0
11 6 99
0
84
0
97
0
93 26 35
0
92 87 24
0 0
40 45 34 83 39
0
52 27 1 66
0
12 55 59 53 48 90 64 61
0
0 0
3 19 73 96
0 0 0 0
0 0 0 0
86 43 77 65
0 0
0
78 25 8 29 62 71 22 91
0
21 88 82 38
0
46 31 76 36 13
0 0
20 18 60
0
94 41 85
0
4
0
58
0
67 57 69
0
79 56
0 0
77 8 56 48
0
72
0
90 45
0
63 65 29
0
73 2
0
5 82 24 61 68 87 51 76
0
13
0
38
0 0
20
0
11 44 85
0
75 47 23 9 60 35
0 0
100
0
26 81
0
84
0 0
27 18 49 92 64 7
0
57 16 1
0
19
0 0
28
0
14
0
66 53 15 10 58 78 71 59
0
52 67
0
97 31 21
0
88 91
0
43
0
22 37 95 30
0 0
57 43
0 0
60 67 46 27 86 5 59 51
0 0
16 21 10 41 1
0
0
30 31
0
54
0
77
0
4
0
0
87
0
39
0
34 25 7 9
0
69 22
0 0
76 50 84 99
0
18 71
0
98 78 36 48
0 0
28 96
0
15 26 40 52
0
12
0
88
0
0
75
0
72
0
61
0
93 2
0
0
58 65 81 32 68
0 0
37 55 90 82 6 92 42 47
0 0
35 74
0
76 26 70 41 62
0
75
0
64 25 9 57 96
0
28
0
27 71 47
0 0
65
0
3 93 58 44 5 92 66
0 0
68 77 86 6 29
0 0
0
37 94 61
0
95 55 82
0
67 1
0
32 69 97
0
90 40 10
0
0 0
46 2 31 18 21
0 0
56 60 33 85 51 59 22
0
49
0 0
42 80 73
0
43
0
74 84 7 87 14
0
83
0
39 63 48 20 17
0
0
81 29
0
95 22 71 24 32 47 23 17 98
0
66
0
72
0
84
0
64 70 16 73 33
100
69
0 0 0
0 0 0
15
0 0
74 78 58 51 28 1 25
0
21
0 0
80
0
92 12
0
34
0 0
9
0
63 56 44 94 53 90 76
0 0
77
0 0 0
0 0 0
79 20 67 65 37 42 87
0
96
0
38
0
57
0
99 2 86 50 49 40 61 59 41
0
31 97
0
0
78 94 18 19
0
92
0
73
0
0
58
0
88 97
0 0 0
34 43 80 55
0
42
0
11 98 28 72 90 70 71 49
0
63
0 0
95 33 3 31
0 0
13
0
66
0
46 30
0
0
47 37
0
39
0
60
0 0
57 86 96 99
0 0
81
0
5 36 10 12 50 41 52 9
0
100
0
91 27 51 6
0 0 0
1 17
0
79
0
0
15
0
65
0
62 2 25 84
0
0
59 2 30 31 33
0 0
54
0
3
0 0
77
0 0
81 40
0
20 79 17
0 0 0
36 21
0
8
0
0
65 99
0 0
62 37 5
0
67
0
41 64 72
0
42 48 51 83 68 35 73 16 91 70
0
93 4 46
0
39
0
23 92 97
0 0
84 32
0
0
56
0
89 45
0 0 0
80 44 63
0
71 90
0 0
26
0 0
69
0
60
0 0
75 10 9 1 94
0
74 22 65 43
0
56 59
0 0 0
0
29
100
70 85 33 57 48 14 8 16 94 35
0 0
75 95 7
0 0
0
80 77 5
0 0 0
54 76 83 1 18 58 39
0
49
0
28 86 2 15 24 40
0
79
0
47 25 84 13 87 73 88
0 0 0
68 91 78
0
0 0
31 26 3
0 0
23 17 61 11 82 62 46 66 52 98 97 93
0
0 0 0
55 32
0
99 38 89 36
32 5 75
0 0
44 21 42 39 36 78 43 52
0 0
45 76
0
22 24
0
59 92 29 34
0
93 49 60 99 47
0
64 3
0 0
91 10
100
69 14 46
0 0 0 0
66
0
54
0
0
30
0
12
0 0 0 0
70 67 55 16 53 35
0 0
81 25
0
94 72 79 18 4
0
89 20 7 87
0
26 77
0
1 6
0 0
80 48 85 62 96 65 31 83
0 0
97 68 88
55
0
66 49 92 72
0
69 51 11 93 12
0
56
0 0
6 95
0
41 98 76
0 0
47 53
0
2 83
0
0 0
48 9 8 39 88 30
0 0
0
68 59 40 27 26
0
65
100
0
0
78 4
0
57 7 10 81 85
0
0 0
15 21 45 54 58 77
0 0
0
67 25
0
14 34
0 0
96 43 44
0
17 19
0 0
84
0
31 13 87 1 50
0
63 91 52 82
0
60
1
0
84 52 89
0
34 68 45 76 58 47 16 36
0 0
28 71
0
88
0
73 5 91 24 82 70 85
0
33
0 0 0
92
0 0 0
57 65 46 13
0
97
0 0 0
51 22 53
0
0
8 77 42
0 0 0
23
0
32 27 37 60
0 0 0
59
0 0 0
64
0
78 49 63 98 56
100
86
0
15
0
74 69
0 0
95 12 55 83 39 93 35 25
0
48 17 67
0
29
99 95 30
0 0 0
57 63 28
0
53
0
25 42 96 34 18 15 66
0
0
72
0 0
100
6 48 71 81 65
0 0
33
0
27
0
45
0
2
0
0
55 87 91 32 56
0
19
0
90 83
0
75
0
35 5 74 36 17
0
0
82
0
13
0
52
0
70
0 0
88 73 1 39 50 59
0 0
76
0
0
8 54 60 79 92 64 67
0
58
0
94 78 37
0 0 0
26 4 84
0 0
17
0
8 73 38 26 2 62
0
27
0 0
65 51 63 86 99 13
0
25 11 67 23
0
50 37 74
0
58
0
97
0
12
0
55
0 0 0
0
34
0
80
0
45
0
20 42 36 88 54 52
0
87
0
92
0
69
0
0 0 0
32
0
33
0
93
0
40
0
66 48 47
0
60 77 57 15
0
35 61 9 22 70 29
0 0
10
0
85 30 59 49 71 43
0
21
0 0
0 0
9
0
94
0
67 85 35 18 21 89 55 1 38
0 0 0
64
0
0
52 63 32 88 17
0
30 26 22
0 0
25 16 56
0 0
59 84 13
0
50 70 24 78 33 43
0
92 31 93 97
0
71 65 96 48 28 34
0
46
100
12
0 0
99 6 69
0 0
8 37 62
0
82 19 2 51 44
0
0
20
0 0 0
47 45 5 90 42 72 54 57 95
0
66
0
23
0 0
78 14 58
0
15 24 20 88
0
16
0
39 54 46 87 26 69 62 11
0
43
0 0 0 0
27 18
0
38
0
34 74 75
0 0
81
0 0
51
0
67 96 6
0 0 0 0
71 94
0
0
31 33
0 0 0 0
9 63 98
0
72
0 0
7
0 0
17 47 49
0
36
0
85 83
0 0 0 0
90
0
30 59 57 41 50 53 37 23
0
44
0
45 56 92 13
0
12 8 73
98 6 3 64 77 97 37 83
0
23
0 0 0
73 67 32 20 44
0
7 12 19 54 69
0 0
80
0
58 8 90 52
0 0
21 79 93 40 26 38
0
5
0
30 82
0 0
63 60 15 11 55 43
0 0
100
59
0
66
0
48 71 51 4 57 96
0 0
50 76 13 92
0
53
0 0
99 29 35 42 49
0
88 36 25 34 24
0 0 0
41
0
81 46 14 22 33 47 86 70
100
0 0
54
0 0 0
33 48 29 90
0 0
72 92 59
0 0
94 84
0
68
0 0 0
39
0
64 15 42 96
0
63 37
0 0
35
0
36 99 93
0
12
0
9 25 57 88
0 0
0 0
60 45 16 86
0
62
0
50 22 20
0
61
0 0
65 83
0
97 71 41 46
0
74
0 0 0
11
0
32 7
0 0
51 43 40
0 0
89 24 34 27
0 0 0
77
0 0
79
71
0 0
50 79 17 87 29
0
38 62 34
0
26 82 11 61 92 3 35
0
33 76 48 18
0 0 0 0
20 59
0 0
8 54 77 83
0
23 43 52 86 2 45 80 90
0
44 47
0
0
42 39
0
4 12 94 32 27 74 84 24
0
93 5 63 66
0 0
57 73
0 0 0 0
41 88 55 7
0
70 95 31 58 67 40 21
0
81 19 25
0
75 60 96 6 91
0 0
72
62
0
24 15
0
60 93
0 0
51 46
0
12
0
94 95 30 56 73 67 88 69 91
0
58 77 49
0 0
83 68
0
28 90
0 0 0 0 0
33
0
29 50 8 14 81 6 13
0 0
0 0
44 86 18 20 3 45 1
0
92
0 0 0 0 0
2 87
0
17 47
0 0
99 32 96
0
40 65 5 39 55 22 74 75 4
0
43
0
11 9
0 0
54 52
0
23 41
0
26
26 96 32 86 68
0
13 73
0 0
22 81 40 28 6
0
41 90 20
0
61
0
79 3 92 47 74 56
0
44 63 67 45 84
0
49 48 36 19 87 72
0
4 51 31 16 99
0 0
1 24
0 0
89 80 65 14 95
0
8 76 52 43 9 55
0
7 33 53 27 34
0
2 70 42 94 64 77
0
69
0
60 38 12
0
46 23 85 29 25
0 0
18 11
0
21 97 78 66 37
0 0 0
4 76 58
0
11
0
14 50 18 74 43 44 77 55
0
93 63
0
80 19
0
32
0 0 0
90
0
52
0
47 61
0
57 42 86
0 0
12 85 66 37 5 88 26 75 79 62 22 33 64 9 48 92 54 69 73 23
0 0
96 68 60
0
83 67
0
45
0
29
0 0 0
10
0
59 8
0
27 36
0
7 72 53 78 94 84 3 31
0
70
0
87 35 82
0 0 0
8 65 33 94 91 82 48 20
0 0
27
0
7 25
0
71
0
57 70 15 6 84 72
0
38
0
55 86 36 64 2 96 76 89 39
0
85
0 0
17 43 9 18 67 77 54 60 78 69 46 97 29 61 68 88 59 35 93 87 41 81
0 0
75
0
11 16 4 99 90 26 3 58 28
0
21
0
50 23 92 73
100
24
0
52
0
30 62
0
51
0 0
49 83 74 32 34 63 42 80
27 72 83 61 23 35 47
0
46
0
89 24 21 80 45
0
38 68
0
99
0
87 85 11 75
0
81
0
42 96 16 93
0 0
10
0
4
0 0 0
30 25
0 0
84
0
59 39 70 49 91 60 31 56
0
76
0 0
90 36
0 0 0
100
0
1
0 0
48 37 79 98
0
9
0
14 71 43 74
0
77
0
44 32
0
86 50 82 66 41
0
2
0
3 17 15 57 33 12 92
49
0 0
98
0
74 84
0
90 88
0 0 0
48
0
23 4
0
31
0
24
0
62 7
0 0
29 59
0
45 22 92
0 0
70
0 0 0
30 32 40
0
93
0 0
3
0
21 71 28 50 96 82
0
83
0 0
75
0
37 26 95
0 0 0
25
0 0
79 42 1
0
54 17
0 0
19 27
0
76
0
57
0
91 80
0
69
0 0 0
36 16
0
81 89
0
86
0 0
43
2 36 41
0
44 63 31 22 70 7 52
0
47 17
0
1 14 75 8 49
0
4
0 0
94
0
43 21
0 0
37
0
9
0
3 51 5
0 0 0
61
0
48 58
0
65
0 0 0 0
0 0 0 0
11
0
100
57
0
26
0 0 0
69 39 12
0
98
0
74
0 0
91 25
0
93
0 0
60
0
99 33 90 54 88
0
20 59
0
45 56 67 77 29 84 38
0
76 64 62
0
67 12
0
3 39 43 45 9 21 65 83
0
33
0 0 0
13
0 0
35 99 98
0
8 46
0
93
0 0
29
0 0
80
0 0
79
0 0 0
38
0
22 74 24
0
91 41 32 63 40 7 19 25
0
53 49 58
0
47
0 0 0
78
0 0
72
0 0
61
0 0
52
0
44 18
0
66 57 20
0 0
28
0 0 0
92
0
64 26 30 59 10 4 73 90
0
27 14
0
0
92 57 80
0
95
0 0
85 1
0 0
59
0
69 16
0 0
32
0
60 22
0
14
0
40 63 52 31 70 74
0
15 58
0
46 41 53
0
27 73
0 0
83
0
98 82 96
0
34 67
0
62 10 2
0
38
0 0
77 29
0
94 91 89
0
18 47
0
51 90 72 36 61 81
0
86
0
4 33
0
65
0 0
17 13
0
9
0 0
48 45
0 0
93
0
44 24 55
0
47 46 39 5 32
0
77
0 0
56 61
0 0
4
0
42
0
59 88 28 97 63 41 36 85 83 84 80
0
58 82 17 23
0 0
95
0 0
70
0
65 60 30 12 55 34
0
94
0
44 62
0
68
0
24 22 73 50 33 43
0
87
0 0
27
0 0
86 26 99 40
0
9 29 89
100
79 96 67 93 3 45 69
0
1
0
91
0 0
14 38
0 0
10
0
16 66 75 92 48
13 68 96 28
0 0
65 61 78 8
0
91 81
0 0 0
86 67 77
0
33
0
4
0 0
76 35
0 0
24
0 0
30 69
0 0 0 0
12 19 88 53
0
6 46
0
71
0 0
41 14
0 0
74
0
31 89
0
82 27 10 48
0 0 0 0
9 34
0 0
25
0 0
95 7
0 0
3
0
85
0
26 92 21
0 0 0
20 44
0
32 42 5 94
0 0
84 11 22 97
9 16 36 23
0
86 70 90 12 33 41 1 15 3
0
38 68 35
0
25 59 6
0 0
27
0
51 34 50 7
0
88
0
97
0
13
0
44
0
52 29 66 32 96 11 18 10
0
21 79 95 63
0
93 67 83 98 47 78 60 58
0
19
0
73
0
22
0
46
0
45 62 26 14
0
24
0 0
81 31 37
0
77 42 55
0
89 65 99 4 8 87 20 43 69
0
61 54 80 40
24
0
82 58 37
0
19
0 0
44 83 78
0
49 95
0
34 6 98 21 48
0
89 92 96 8
0 0
3 1 67
0 0
38
0 0
66 80
0 0
54
0
39 22 16
0 0
81 72 74 75 99 30
0 0
13 25 56
0
7
0 0
59 17
0 0
11
0 0
23 36 94
0 0
73 70 84 4
0
60 68 35 79 33
0
90 57
0
86 15 51
0 0
9
0
71 93 45
0
55
54
0
93 84 98 64 75
0
43
0
18
0 0
63 39 76
0
33 85
0
38
0
94 61 40 42 22
0
79 82 45 24 10 27
0
31
0 0
59
0
95 73 5 87 90 14
0
77 25 7 49 26 29
0
3 69 37 51 4 28
0
13
0 0
96
0
91
100
92 62 55 86
0
34 97 99 53 1
0
65
0
2 19
0
74 30 11
0 0
47
0
81
0
67 88 78 36 35
0
58
6 48 69 10
0 0
97 80
0
50 75 40
0
9 90 87 44 43
0 0
0
21 67 99 73 14 62 19 95 23
0 0
93 33 79 26
0 0
37 11
0
28 38 3 13
0
92 68 84 89 94 88 8 57
0
32 36 20 61
0
82 1
0 0
41 2 45 49
0 0
35 30 74 77 22 39 66 42 98
0
0 0
63 5 71
100
72
0
51 17 59
0
60 24
0 0
47 4 15 34
59
0
45 92 21 7 74 81 30 26
0 0
29 5
0 0 0 0
96 10
0
47 39
0
57 55 16
0 0
9
0
22 14
0
60 94 68
0
32
0
42 48 27 64
0
37 61
0
99 8 76 87
0
53 44
0
79 34 86 15
0
88
0
89 72 77
0
90 24
0
51
0 0
78 71 17
0
46 75
0
80 84
0 0 0 0
67 31
0 0
98 65 56 41 13 95 6 52
0
2
67 34 14 17
0
88 94 79 89
0
47
0
22
0
37 80 26 73
0
31 10 11 56 90
0
2 44 68 29
0
5
0
36 63 83 9
0
77
0
62 20 4 24
0
19
0
33 93
0
70 23
0
71 96
0
81
0
92 45 54 97
0
69
0
42 35 74 8
0
15
0
64 28 50 16
0
87 13 38 58 95
0
41 59 98 75
0
6
0
61
0
57 3 53 7
0
30 72 99 39
87 99
0
42 73 38 11
0
95 4
0 0 0
2
0
52
0 0
51 94 93 37 64 77
0
12 71 46 86 81 3 75 72 98 90 47 57
0
54
0
36 69
0
1 62
0
83 45
0
100
10
0
65 6
0
41 9
0
59 66
0
79
0
33 16 84 70 14 28 25 44 76 88 56 8
0
27 61 32 49 43 50
0 0
85
0
22
0 0 0
89 18
0
91 19 74 31
0
63 82
0 0
22 71 62 53 3 66 60
0
55
0
45 12
0
89
0 0 0
74 5
0
43
0
30 91 32 13
0
18 8 4
0
65 58 15 96
0
50 61
0
75 82 98 67
0 0
47 85 59
100
52 11
0 0
80 40 42 77
0
57 93
0
44 37 64 36
0
76 95 54
0
69 41 21 68
0
33
0
6 24
0 0 0
97
0
88 16
0
81
0
86 90 1 79 17 26 14
0 0
64
0 0
41 49 90
0 0 0
86 20 67 6
0 0 0
13
0
26
0
42 61
0
62
0
31
0 0 0
89 65 33 50 10
0 0 0 0 0
88 19
0 0
84 1 53 28
0
9 17 52 69
0
38 63 77 97
0 0
100
12
0 0 0 0 0
60 24 55 68 37
0 0 0
5
0
14
0
56 23
0
78
0
48
0 0 0
74 80 99 94
0 0 0
21 25 27
0 0
93
50
0 0
72 34
0 0
44 47
0
96 8 61 29 89
0 0
37 55 11
0
58 69 4 15
0
20
0 0
21 31 78 27
0
7
0
24 63 40 59 6 14 43 16
100
0
30 10 73 39 74 92 23 41
0
42 75 82 93 25 17 38 32 62
0
88
0
9 13 85 65
0 0
64
0
95 97 90 66
0
56 67 46
0 0
3 71 2 1 12
0
28 52
0 0
81 70
0 0
91
0
12 62 88
0
68
0
99 96
0
16 38
0
41 72 90
0 0
24 27 92
0
17 22 1 94 97
0 0
74 46 23 66 44 19
0
100
0
13
0
0 0 0
76
0 0
25
0 0
65 37
0 0
47
0 0
85
0 0 0
0
35
0
30
0
83 4 21 98 70 86
0 0
10 79 42 33 52
0
81 57 31
0 0
87 7 58
0
75 64
0
77 55
0
2
0
20 36 18
0
48 11
0
26 93 5 81 67 38 65 15 71 87 44
0
14 95 47
0
59 68 54
0 0 0 0
40
0 0
84
0
21
0
43 30 42 52
0
57 73
0
24 79 20 89 51 90 72 66
0
0
64 78 1 9 61 83 3 2
0
75 29
0
10 99 94 80
0
86
0
50
0 0
55
0 0 0 0
31 96 91
0
16 97 77
0
35 49 32 23 82 8 46 62 4 92 98
0
69 12
4 25 78 20 55
0
40
0 0 0
0
94 28
0 0
100
97 39 74 76
0
86 38
0 0
9 27
0
46 37 62 64
0 0 0 0 0 0
83 35
0 0 0
57
0 0
44
0
41
0
0
14
0
30
0 0
31
0 0 0
56 18
0 0 0 0 0 0
87 50 67 8
0
19 43
0 0
84 21
0
82 11 53 95 34
0 0
47 6
0
0 0 0
66
0
7 59 61 88 75
75 91
0 0
74 71 53 43 27 2 5 79
0
32 1 73 84 82 80 92 49 51 78
0 0
50
0
81 25
0
86
0 0 0
20
0
60 38 97 14 21
0
68 31
0
22 70 33 35 56 13 15 88 46 89
0
65 94
0
76 37 36 77 59
0
40
0 0 0
64
0
45 93
0
6
0 0
11 85 99 98 17 26 62 61 66 28
0
100
72 57 41 24 42 58 54
0 0
47 19
0 0 0
24 14 30 54
0 0
19 64 42 31
0 0
70 85 50
0 0
8 35 59
0 0
5 47 41 57 12
0
90
0 0
95 55
0 0
56 68 86
0 0
88 71 69
0
62 75 80 36 10 48
0
33 67 99
0 0
79 66 91
0 0
82 76
0 0
61
0
78 49 39 63 29
0 0
72 46 98
0 0
18 37 44
0 0
73 9 94 40
0 0
89 1 97 65
0 0 0
0
100
0
66 17
0 0
36 42 73 98 21 88 23 75
0
77
0
57 51
0
10
0 0
55
0
33 91
0
93 61 84
0
94
0
6 53 74 99
0
81 2 49 82
0 0
95 64
0
32 18
0
28 62
0 0
8 27 11 4
0
65 78 79 69
0
97
0
63 16 9
0
12 7
0
92
0 0
13
0
41 68
0
52
0
24 70 76 19 60 71 90 96
0 0
72 35
0
37
0
0
70 76 7 97
0
45
0 0
83 86
0
4 68 54
0
65 18 53 17 52 28 60 66
0
19 85
100
0
67 36
0
69 34
0
25
0 0
75
0
59 92 99 77
0
61 46
0 0 0
0 0 0
22 40
0
58 21 44 72
0
89
0 0
2
0
31 71
0
6 41
0
87 16 38
0
82 62 88 91 20 42 14 43
0
5 81 55
0
79 80
0 0
78
0
64 13 50 74
0
0
57 87 51 28 3 56
0 0
59 9 62 93 7 81
0 0
46
0
69
0 0 0
64 14 13
0
48 2
0
72 1
0 0
5 98 82 32 77
0
0
12
0
97
0
83 4
0 0
37 90
0 0
95 66
0
50
0
19
0
0
42 74 39 25 58
0 0
34 20
0
47 68
0
30 73 94
0 0 0
54
0
36
0 0
45 10 8 22 63 86
0 0
6 33 99 76 17 31
0
0
75 97 62 81 51 99
100
0 0
36
0 0
15 46 3 35 98 6 58 18
0
32 86 60
0 0
8 80 79
0 0 0
71 31 74
0 0 0
44 41 76 20
0
92 94 42 84 87 93 96 91 38 59 82 54
0
29 22 68 89
0 0 0
34 7 61
0 0 0
85 28 23
0 0
49 63 21
0
95 17 48 12 53 57 27 55
0 0
67
0 0
69 14 50 9 83 2 39
0
43 45 10
0
57 1 95 49
0
32 11
0
38 55 53 2 60 7 87
0
0 0
50 63
0
70 91
0
48 71
0
68
0 0 0
54 58 96
0
84 46 30 14 56
0
12
0
15 65 29 86 90 79
0
8
0
42 66 75 93 78
0
44 83 59
0 0 0
5
0
99 25
0
80 67
0
6 16
0 0
0
74 64 28 9 89 61
100
0
21 88
0
72 34 41 52
0
19 36 20
72
0
13
0
65 11 96 50 29 87 69
0
91
0
34 24
0
54 79
0
78
0
47 52
0
21
0
42
0
55
0
66
0
64 46
0
18
0
45 9
0 0
71
100
0 0 0
83
0
40 30
0
10
0 0 0
17 16
0 0
53 76
0
51
0
90 41
0
38
0
93
0
70
0
48
0
61 89
0
19
0
39 15
0
7 60
0
88
0
43 23 92 33 80 35 31
0
99
0
95
92 35 15 22 48 55
0 0 0
42 81
0
77
0
52 31
0
96 67 82
0 0
73 17
0 0
19 10
0
72 99 40 7 60
0
88
0 0
85 24 70
0 0
34 8 64 54
0
57 9 4 5
0
49 50 63 76
0 0
61 11 75
0 0
21
0
86 68 43 30 69
0
90 74
0 0
78 87
0 0
14 1 37
0
33 41
0
26
0
84 18
0 0 0
46 58 12 32 38 25
38 24 31 14 47 70 23
0
64 91 84 95 44
0
21 41 94 20 27
0
0 0
7 9
0
15 88 75 6
0
32 35 22
0
34 97 61
100
0
55 68 51 77 81
0
82
0 0
36 72 99 74
0 0
25
0
13 12 52 45 49
0
92 19 50 16
0
60 58 69
0
46 37 86 98
0
76 18
0 0
0
93 80 78 63 42
0
90 59 66 54 5
0
30 57 65 71 48 28 17
0 0
54
0 0 0 0 0
88 41 19 14 18 47 76 49 32 65
0
29
100
2
0
58 61 34 92
0
23 38
0
25
0
67
0 0
87
0 0 0
27 99 28 55
0
21
0
59
0 0
0 0
81
0
15
0
46 7 53 85
0 0 0
26
0 0
82
0
20
0
30 91
0
83 39 9 12
0
79 66 97
0
13 94 69 73 86 72 45 31 6 89
0 0 0 0 0
64
0 0
0
74 90
0
30
0 0
4 61
0
8 72 99 86 63 66 93 25 13
0
0
81
0
89 49 87
0 0
85 28 69
0
17
0
80 19
0
37
0 0
0 0
7
0 0 0
98 1 38
0
0
51 47
100
0 0 0
48
0 0
0 0
9
0
32 36
0
12
0
22 59 84
0 0
11 71 50
0
41
0
0
54 75 16 24 23 77 52 34 35
0
27 15
0 0
68
0
94 70
0
66 33 67 78
0 0
52 46
0
9 73 64 97 85 4 30 51 23 17
0
45 31 77 44
0 0 0 0 0
53 95 91 92 79
0
10 27
0
89 82
0
16 60 49 61
0
96
0
19 24 20 41
0
98
0
62 69 18 39
0
72 84
0
15 6
0
28 80 2 1 57
0 0 0 0 0
42 38 58 47
0
3 50 40 36 32 99 83 70 29 22
0
21 90
0 0
75 37
100
7
53 60
0
76
0
84
0
86 21 98
0
22
0
74
0
57
0 0
50 61 41
0
66 5 16 56 26 99
0
36 33 83 38 81 23
0
12 6 42 65 17
0
31 78 2 62 18 25
0
95 43
0
92 35 37 70 64 72
0
34 77 46 73 24
0
100
48 45 14 71 52
0
40 20 27 75 44 15
0
7 87 4
0 0
8
0
49
0
47
0
1 51 79
0
29
0
85
0
93 67
0 0 0 0 0 0
26 2
0
17
0
45
0 0 0
12
0
10
0 0
83 13 33 27
0 0 0
76
0
40 15 41
0 0 0
59 75 98 52 20
0
11
0 0
37 35
0
48 44 23 9 28 1
0
19 84
0 0
24
0
85 70 87 3 54
0 0 0
93 63 32
0
100
0 0 0
72 8 51 29
0 0
5
0
95
0 0 0
82
0
97
0
91 86
0 0 0 0 0 0
0 0
49 45 83
0
64
0
67 79
0
23
0
90 25 61 62 80
0 0
0
74 30
0
70 1 54
0 0
94
0
15
100
53
0
58 73
0
87 86 82 21 89
0 0
43 40
0 0 0
0 0 0
97 76
0 0
5 8 11 20 6
0
41 26
0
14 72 42
0
81
0 0
96 56 13
0
31 3
0
0 0
98 39 37 95 46
0
27
0
77 66
0
75
0
18 4 84
0 0
3 8 72
0
87 16 76
0
81 10 17 92 30
0
98
0 0
97 63 75
0
48 86
0 0 0 0
32 24 6
0 0
62 40
0
66 22
0
1 36 9
0
51 90 34
0 0
11 96 33 56 70 67
0 0
29 28 37
0
53 44 31
0
58 15
0
35 78
0 0
42 54 21
0 0 0 0
88 95
0
23 19 4
0 0
26
0
50 38 49 93 61
0
100
27 46
0
79 83 64
97 26 88 90
0
54 44 12 84 94 29 55 41 53
0
78 74 76 52
0
91
100
83 60
0 0 0
47
0
69 75 20 2
0
32 70 8 17 49 31 80
0
85
0
99 4 77 66
0 0
0 0
9 3 45 18
0
38
0
40 28 39 37 98 63 61
0
46 68 86 7
0
64
0 0 0
89 48 43 11
0
79 1 93 42
0
56 87 13 82 81 6 73 36 24
0
19 71 51 21
0 0 0
32 29 40 24 47 15 13 6 84 46 51
0
91 50 22
0
18
0
66 21
0
31 71 28
0 0
62 92
0 0
83 65
0
99
0
38
0
37 63 36 53 98 73 8 7
0
78 60
0
89 88 75 10 12 30 42 95
0
94
0
64
0
17 23
0 0
4 58
0 0
2 85 27
0
79 45
0
5
0
61 34 35
0
3 77 43 76 33 72 14 97 48 44 55
0 0 0
96 17 38 89
0
78
0
91 63 35 48 77 5
0 0
93
0
79 15 87
0 0 0
40
0 0
25 26 27 98 51 7 80 30 59 56
0
42 60
0
0 0 0 0
57 19 81 31 13
0
0
4 69 34 14 50
0 0 0 0
0
90 95
0
53 55 3 82 85 8 23 24 61 67
0 0
49
0 0 0
6 97 45
0
99
0 0
92 12 18 74 22 94
0
11
0
43 88 54 68
0 0 0
21 25 31 28 59 98 27 99 20 73 95
0
8 3
0
65 57
0
90
0
12
0
43 89 4
0
61
0 0
52 74
0
76
0
41 79
0
18
0
46 29 44 23 72
0
67 54 87 82
0
32 49 26 39 55
0
22
0
7 33
0
81
0
51 66
0 0
6
0
97 93 78
0
91
0
14
0
84 88
0
24 64
0
68 58 40 53 34 63 86 96 5 60 62
0 0 0
0
82
0
99 66 92 7 51
0
53 67 44
0
81
0
60 33
0
12 36 73 85
0
56
0 0
59 55 49
0
39
0
3
0 0 0 0
69 93 95
0
15 41 94 45 30 52
0
61 25 65 27
0
80 54 68 84 96 79
0
18 9 22
0 0 0 0
97
0
2
0
19 72 1
0 0
40
0
77 8 90 86
0
31 21
0
83
0
14 57 17
0
16 38 37 26 42
0
58
0
46 55 85
0
22 18 41 14
0 0
7 96 71 69 27
0
40
0 0
54 67 42
0
76 84 79 3 11 53 80
0
43
0
6 61
0
23 97 48 72
0
87
0
50 39 86
0
24
0
60 59
0
58
0
81 17 63
0
20
0
38 99 83 70
0
73 57
0
49
0
16 10 94 33 37 66 4
0
92 9 78
0 0
51
0
74 75 36 89 91
0 0
98 45 47 30
0
65 25 35
65 86 4
0 0
61 36 9 37 48
0
13 39 82 26
0
47 49 45
0
7
0 0 0 0 0
64
0
77 17 21
0
24
0
33 67 84 35
0
5
0
71
0
2 28
0
97 69
0 0
0 0
6 16
0
73 62
0
98
0
93
0
30 56 88 91
0
79
0
52 74 99
0
32
0 0 0 0 0
46
0
41 10 8
0
11 66 22 54
0
53 76 1 15 12
0 0
3 40 85
33 77 5 75
0
6 73 62 74
0
31
0
2 38 83 58 9 66 56 1 37 95
0
15 35
0
68
0
22
0
78 14 89
0
45 29
0
12 34 4 48
0 0
42 70
0
65 3 88
0
0
23 91 61
0
46 44
0 0
86 60 32 21
0
24 92
0
40 27 54
0
18
0
76
0
51 80
0
39 41
100
52 94 17 47 67 16 96
0
30
0
13 8 7 82
0
28 87 59 90
0
44
0 0 0 0
79 64 75 96
0
60
0
100
8 48 88 5 46 77
0 0 0 0
37 22
0
1 94
0
93 56
0
23 15 50 17 14 28
0
0 0
52
0
20 63
0 0
55 3 27 66
0 0
31 21
0
99
0 0
0
12 70 87 30 74 92
0
72 67
0
6 89
0
84 45
0 0 0 0
58 91 97 26 29 18 42
0
35
0
76 10 13 57
0 0 0 0
43
0
15 39 91 55
0
81 98
0 0
52 32 61 67 57 22 75
0 0 0
45
0
5 93 59
0 0 0
6
0
76 7 37
0
62 87 89 19 31 46 2
0
90
100
92
0
48 21 40 82 11 8 77 86 63 12
0
68 41 18
0
24 60 80 99 28 26 29
0
84 36 20
0
27
0 0 0
51 85 64
0
9
0 0 0
30 79 33 78 94 50 65
0 0
70 34
0
53 73 71 69
37
0 0
87 40 21 62
0
49 24
0
36 79
0
73
0 0 0 0
39 26
0 0 0 0
35 4 51
0
68
0 0 0 0
98 22
0
55 72
100
10
0 0
32 23
0
89 97 28
0
0
67 53 84
0
47 71
0 0
20 91 58 18
0
8 57
0 0 0 0
70
0
77 44 41
0 0 0 0
30 31
0 0 0 0
54
0
81 5
0
3 17
0
82 66 12 78
0 0
59
0 0 0
3 85 59 80 57 6
0
0 0
42
0
30
0 0 0
19 64
0
44
0
97
0
72 9
0 0
29 11 70 73
0
88
0
33
0 0
81
0
65 86
0
25
0
39
0
24 50 78 40
0
43
0
1
0
54
100
0
31
0 0
55
0
89
0
76 95 96 2
0 0
15 92
0
34
0
94
0
38 47
0 0 0
17
0
46
0 0
0
83 36 26 56 84 79
0 0 0
86 93
100
47 84
0
27 58 50
0
92
0
37 20 18 96 25 28
0 0
85
0
3 79 46 61 31 40 12 11 4 99
0
21 41
0 0
52 43
0
62
0 0 0 0
60
0 0 0
83 55
0 0 0
29
0 0 0 0
33
0
23 97
0 0
66 32
0
81 14 49 69 56 8 19 76 36 67
0
78
0 0
57 63 10 39 44 71
0
1
0
80 88 87
0
2 24 74 91 6
17 88 99 74
0 0
60
0
14 78
0
54
0 0
51
0
66
0 0
86 89 18 36
0
20
0 0
69
100
50
0 0
67
0
49 75
0 0
16 8 5
0
73 93 91 2 29 12 81 43 85 13 76 90 98 15 56 79
0
35 64 44
0 0
40 38
0
62
0 0
87 31 42
0 0
11
0
63 71 59 19
0 0
6
0
21
0 0
68
0
61 48
0
23
0 0
92 28 46 52
18
0
63 73
0
23 8
0 0
92 70 35
0
87
0
7 11 91 90
0
39 34 55
0 0
48
0
38 65 77 79 26 32 76
0
24 86
0 0 0
0
80 42 27 51 68 14 67
0 0
0 0
59 19 69 75 30 88 57
0
0 0 0
43 4
0
53 85 94 9 61 74 13
0
46
0 0
99 97 37
0
62 84 72 93
0
36
0
15
100
45
0 0
5 31
0
60 40
0
47
89 97
0
67
0
77
0 0
72 95
0 0
24
0
55 44 98 14 81
0
87 92 82 53
0
30 23 25 43
0
13 38 51 48 68 12 29
0
47
0
0
70
0 0 0 0 0 0
78 57 28 83
0 0 0 0 0 0
16
0
0
49
0
86 71 15 69 37 17 11
0
52 96 91 1
0
62 10 40
100
0
59 85 41 73 88
0
3
0 0
42 35
0 0
94
0
50
0
21 22
56
0
16 33 53 43 51
0
76 12 74 2 13 21 17 97 49
0
29 83 27 8 15
0 0
62 86
0
19 10
0
63 61
0
82 36 80
0 0
96 71
0
35 69
0 0
37
0 0
88 73
0 0
92
0 0
11 44
0
52 50
0 0
6 79 20
0
7 22
0
3 55
0
75 18
0 0
32 26 57 89 87
0
45 40 98 48 60 24 70 64 14
0
68 25
100
67 39
0
99
0
42 11
0 0
32 29
0
94
0
0
65 53 34 31 40
0 0
95 78 57 67
0
41
0
73 99 84
0 0
60 77
0
18
0 0
59
0
66 64 87 17 15
0 0 0
79 30 45 19 5 49 22 26
0 0 0
97 91 62
100
10
0
46
0 0
1
0
39 21
0 0
50 88 72
0
35
0
33 86 83 43
0 0
14 12 2 69 76
0
0
44
0
51 16
0 0
85 27
0
0
54
0 0
46 10 15
0
62 40
0
74 94
0
32 72 29 26 21 38
0 0 0
51 59 58 6 57
0 0
0
45 88
0
17 4 69 89 86 63
0
77
0 0 0
97 24
0
37 99 41 39
0
5 47
0 0 0
76
0
68 67 79 53 43 70
0
73 3
0
0 0
16 90 91 12 13
0 0 0
36 83 60 49 27 61
0
11 33
0
2 98
0
35 85 93
0 0
75
0
70 29
0
19 67 14 32 7 58 85 63 48 9
0
28
0
79 69
0
50 21 78 37 2
0 0 0
18 54 75
0 0
81
0
26
100
38 94 80 92 53 64
0
44 74 72 73
0
1
0
0
3
0
40 91 88 45
0
83 82 36 57 35 20 13 39
0
41
0 0
33 51 95
0 0 0
96 68 99 22 12
0
42 77
0
65
0
98 16 46 84 23 31 27 86 34 25
0
11 30
91 61 74
100
45 76
0
87 66
0
49
0 0 0 0
81
0 0
39 56 46 40 48 8 89 98 67 92
0
35
0 0
19 24 99
0 0
79 90
0
50 7
0
14
0
20 15 18 2 75 77 95 97 54 13
0
55
0
51 69
0
21 1
0 0
93 96 63
0 0
43
0
73 37 36 44 29 28 27 32 72 5
0 0
59
0 0 0 0
62
0
58 82
0
26 88 68 60 3 71
20
0 0
39 96 41
0
93 26
0
4 70 66 45
0
19 58 36 23
0
1 16
0
50
0
3 34 73 61
0
55
0 0
32
0
33
0
71 53
0
0
81
0
46 10 76 86 95
0
98 84
0
24 11 27 56 43
0
67
0
0
22 47
0
100
0
17
0 0
44
0
89 8 18 69
0
85
0
83 79
0
51 48 35 90
0
13 57 78 40
0
64 87
0
65 59 72
0 0
15
68
0 0
25 80
0 0 0
8 49 14 37 89 24 15 55
0 0
35 53 84 27 81 43
0 0 0 0
7 26
0
62 95 70 78 21
0 0
96 39
100
19 16 11 60
0
85
0
6
0
0
9
0
50
0
79 29 33 31 92 34 61
0 0
83 97 46 65 59
0
76 58
0 0 0 0
98 75 48 72 30 64
0 0
2 93 41 17 63 44 99 74
0 0 0
67 45
0 0
28
90
0 0
9 24 2 17 97
0
31 68
0 0
67
0
62 64
0 0
73
0 0
12 39
0
88 30
0 0
15 76 44 35
0 0 0
43 51 5 37
0 0
21 79 83 80
0 0
52 69 98 32
0 0
26 60 34
100
0 0
16 8 84 48
0 0 0
28 4 66 56
0 0
46 93
0
74 86
0 0
94
0 0
96 58
0
7
0 0
54 10
0
41 19 95 33 38
0 0
57
0
50 27
0
78 89
0
37 65
0
30
0 0
10
0
20
0
77 54
0
86 9
0
13 68
0
79 83 45 85 25 82
0 0
48 91
0
61 64 40 96
0
57 63
0
70 93 55 3 71 44 22 7 58 23
0
87 17
0
49 99 98 42
0
51 19
0 0
33 24 94 1 11 35
0
53 67
0
47 21
0
81 76
0
39
0
14
0 0
92
0
73 62
0
8 29
0
80 16
0
0
51 21 53 75
0
63 16 23
0
60 99 17
0
33 82 96 31 18
0
0
29 28
100
69
0
11
0
93
0
54
0
57 36
0 0 0
15 67
0
90
0 0
9
0 0
5 32
0
38 68
0
35 4
0 0
70
0 0
94
0
81 62
0 0 0
78 58
0
87
0
2
0
6
0
77 7 41 55
0
0
22 95 85 26 20
0
66 50 71
0
97 47 40
0
79 37 42 13
0
11 64 35
0
33 34 6
0
57 55
0
7 95 40
0
47
0
88
0 0
0
56 14 24
0 0 0 0 0 0
83 3 46 28
0
27 65 75 31
0
0
43 67 48 59
0 0
8 29
0
0
1 36
0 0
78 2 53 25
0
0
92 10 60 12
0
76 26 69 32
0 0 0 0 0 0
17 30 63
0
0 0
99
0
91
0
37 79 52
0
96 39
0
50 18 94
0
9 81 54
60
0
1 59 99 79 86
0
71
0
43
0
65 52 13 27
0
83
0
93 96 36
0
87 91
0
94
0 0 0
23 58
0 0
16
0
49
0
98 7
0 0 0
25 17
0
34
0
26 51 80 21
0
28
0
57 19
0 0 0
2 74
0
11
0
5
0 0
77 89
0 0 0
100
0
40 15
0
82 45 47
0
8
0
68 56 32 29
0
97
0
12
0
20 44 70 14 6
0
66
95 56
0 0
61
100
83 38 11
0
72 53
0
30 77 79
0 0 0 0
0
91
0
84 90 28
0
94 66 48 98
0 0 0 0
37 32 62
0 0
34
0
92
0
3
0
22 35 20
0
0
65 26 85
0
25
0
46
0
63
0 0
93 73 87
0 0 0 0
13 89 9 49
0
86 33 8
0
52
0
0 0 0 0
78 82 18
0
41 74
0
69 12 39 36 19
0 0
57 96
85 15 86 2 54
0
90 89
0
75 66
0 0
6 47 63 8 61
0
55 9
0 0 0
77 92
0
29 71
0
56
0
53 51 38 65 46 58 3 70 11 91 80 18
0 0
19 43 59 4 17 93 94 24
0 0
1 13 48 5 25 14 7 23 98 34 30 52
0
84
0
26 10
0
87 37
0 0 0
67 45
0
33 20 49 83 76
0 0
28 79
0
74 72
0
82 21 95 44 27
35 62 23 57 52
0
39 70 24 99
0
88
0
18 71 86 31 87 9
0
0
20 68 98
0
49
0 0 0 0
0
36 79 13 96 93 78 2 15 26 8 82 37 73
0
28
0
14 50
0
0
12 95
0
43
0
91 61 64 97 80 11 48 90 33 75 5 32 16
0
0 0 0 0
51
0
54 6 69
0
0
44 89 3 53 55 60
0
17
0
67 84 25 77
0
85 81 34 30 42
30 87 79
0
69 36
0
18 3 74 44 56
0
76
0 0 0
52 37
0
17
0
25 35 43
0 0
89 40 88
0
6 42
0
73
0
77 39 8 12
0
95 33
0
72 71 49 16 64 53 58 59 54 2 20 98
0
22 68
0
65 26 27 28
0
86
0
50
100
0
11 38 7
0 0
78 46 45
0
1
0
34 51
0 0 0
29
0
91 9 75 62 93
0
97 14
0
55 32 94
51 40
0 0
50
0 0
34 93 81 57
0 0 0 0
17 12 94
0
95 72 32
0 0
11 85 8 3 14 73 44
0
83 75 4 61 67 82
0 0
89 84 69
0
97 99 9
0 0
30 45
0 0
29
100
33
0
52 62 6
0 0
76 71 38 22 37 20
0
91 5 96 98 42 77 47
0 0
68 56 79
0
43 27 48
0 0 0 0
36 66 88 80
0 0
24
0 0
41 31
21
0
25 63 10 8
0
6 97 84
0
16 33 93 3 65
0
85 7
0
0
62 18 47 53 99 75 79
0
100
50 28 60 87
0 0
30 43 88 57
0
83
0 0
54 24 27 26
0
96 39
0
41 67 90 66
0 0
38
0
69 17 89 74
0 0
94 2 1 82 15
0
92 23 13 48 59 19 20
0
0
14 35
0
31 77 12 42 46
0
70 37 76
0
51 86 73 91
0
49
29 73 20 44
0
96 72 92
0
77 24 26
0
14 99 25 15 74
0 0
22 38 2 16
0
65 5 36
0 0
40
0
90 86
100
0
1
0
95 41 23
0
63
0 0
39 31 60 93 85 79 37 50 55 10
0 0
83
0
30 54 19
0
49
0
42 56 81
0
46
0 0
76 84 58
0
57 35 70 4
0 0
6 47 62 59 97
0
69 8 13
0
68 33 43
0
18 89 9 11
0 0
53 48
0
91 33 65
0
68
0
4 20 11 78
0 0
84 89
0
56
0 0 0 0 0 0
15 21 30 64 54 71 52
0
45
0
27 92
0
51
0 0 0
86 1
0 0
90
0
0
76
0 0
77 28
0 0 0
14
0
62 85
0
10
0
24 99 57 60 22 80 55
0 0 0 0 0 0
88
0
37 72
0 0
16 19 25 39
0
100
0
29 2 6
0
46 58
0 0
94 98
0 0 0
28 14 71 1 60 34 41 43 62 64 54 5
0 0
46 50 12 24
0
80
0 0
31 67 51 35 49 59
0 0 0 0
33 20
0
32 13 29 70
0 0
7 74
0 0
0 0
73 75
0 0
86 89 40 9
0
83 68
0 0 0 0
39 44 53 95 85 79
0 0
65
0
91 25 2 96
0 0
66 11 58 87 61 57 38 52 4 17 16 15
0 0 0
48 3
76 32 42 37 88 45 4 5 82
0
38
0 0
83 58 68 39 21 60 90
0
1 13
0
86 33 61
0
97
0
91 48
0
17 11 84 9
0
10 89
0
56
0 0 0 0
94 2
0
81 34
0
87 31
0 0 0 0
49
0
41 59
0
96 77 95 79
0
51 3
0
100
0
73 24 43
0
64 12
0
71 85 93 80 22 63 54
0 0
52
0
53 28 47 98 8 7 92 20 65
