5
1
0 1 0 20 10 0 0 11 0 13 25 4 2 23 0 0 0 0 7 16 0 0 14 6 0
0 0 0 8 0 0 0 23 18 24 0 0 0 6 16 0 0 5 17 15 0 12 0 0 10
0 6 0 0 0 3 0 0 0 0 0 0 0 19 0 4 20 0 0 11 17 0 25 0 13
12 24 4 13 0 0 9 10 20 14 0 0 0 18 0 0 19 1 2 6 3 5 0 0 0
0 11 5 7 0 17 6 8 0 0 0 9 0 24 20 0 12 0 0 23 4 0 2 15 0
0 18 0 1 0 0 0 0 0 0 0 0 19 0 0 7 0 12 8 13 10 3 0 0 0
0 0 0 3 2 0 0 7 22 0 0 14 0 0 0 0 0 0 0 4 15 11 0 9 1
6 0 0 4 0 0 0 0 2 0 3 0 25 1 0 10 24 0 0 0 0 0 5 0 7
0 0 0 15 0 14 0 18 8 4 6 11 9 7 24 0 5 0 0 0 0 25 21 17 0
8 0 11 0 0 10 23 0 0 0 0 0 21 0 0 0 0 16 9 0 0 22 6 20 0
11 22 0 21 3 0 12 0 5 0 0 0 0 0 14 0 0 24 0 20 6 7 0 0 0
0 0 0 2 0 1 0 20 0 0 9 0 0 5 0 0 0 0 0 0 16 0 0 10 0
0 10 0 0 0 0 17 0 0 0 0 0 4 0 21 1 6 18 23 0 0 0 13 3 0
0 20 0 0 0 0 0 4 0 0 11 13 0 25 0 16 0 0 0 0 14 23 15 0 0
16 14 7 5 0 0 0 0 0 25 20 3 0 0 12 19 0 0 0 10 0 0 22 2 21
0 0 0 9 4 12 19 0 11 0 0 0 7 0 15 22 0 0 25 8 18 0 0 0 14
5 0 0 24 18 25 20 0 0 0 0 1 14 0 6 9 4 23 0 0 22 0 11 0 0
13 0 10 0 6 0 0 2 0 0 0 0 23 0 0 0 0 14 24 0 12 4 20 0 15
0 12 25 0 7 0 4 6 0 0 18 5 8 0 0 17 0 0 0 19 0 1 10 0 24
0 2 0 0 0 9 0 16 14 7 0 12 0 10 25 18 0 0 0 0 0 13 0 0 0
1 0 0 18 0 0 11 5 17 0 24 0 20 2 0 0 0 0 0 0 0 14 23 0 0
0 0 0 0 25 24 0 0 0 0 12 6 0 16 18 0 23 3 0 0 8 0 0 0 0
0 0 0 0 5 0 10 0 0 16 8 0 0 0 1 20 0 25 11 0 19 0 0 0 17
0 0 0 22 20 8 18 0 23 0 10 0 0 0 4 0 7 19 6 1 0 0 0 5 16
2 0 0 0 0 0 0 0 1 6 13 0 0 0 0 21 22 17 0 0 7 10 3 24 20
